768421129316929536
770505041442725889
769679786805387264
363109448
3371865219
4071845352
766549297579986947
56518015
4082832549
1242324235
763819467826663424
760488111566565377
755689029958569984
746107478342045696
747378106420305920
744538212563968000
724476538020745219
712789933853806592
710304039637032961
621800078
741811067425292292
2325941904
3833140396
720950806858637312
741590251110440961
741920746872705024
728932118991147010
741905173421907968
741629611860230144
734033468913487872
739193833964109824
734367022256115712
714579651914567680
738561803513270272
2925279340
127965484
1588845385
2550536264
2550551755
1366578834
730426290994565121
725307877565456384
2669983818
726420840217092096
2259088117
4324326857
718076991816265728
715475503021301760
3158632110
2963933655
4871573218
4559400988
4849698513
4798541894
4783922527
4328776101
4687513520
4509530392
3013195346
2437370948
3590341047
4416886875
188146777
4361539708
4359892396
4091042235
4346067195
4350727112
4027158792
326057880
1467935533
595119922
3909281355
95780181
3794102655
3365808550
3587246241
232969192
3464407155
63960559
3246119186
3013265533
3242240378
2408402964
2876533446
3175440268
3255386833
3249570132
3248663006
3248683957
3154410532
3154377389
3154455501
3154468715
3154366503
3154420696
81107597
3298627911
3135682073
2196152592
1850313638
2952342794
2352506658
166973834
265780146
3119285439
3110249846
2953493823
2318465838
3104040044
2556685992
3112446721
2616039780
903930306
2362712851
538974624
3123402681
3120334384
70997411
3112421407
2953466283
3108427836
2318476502
3112379282
3109636609
3109539210
3109768159
2393762305
3178323688
3160933826
2891734765
2959150091
3152467826
543299324
3127540427
3125306219
3124620153
3127495035
3125759507
3112002895
3120499089
3124650862
3124345575
3121589175
3121571343
3121564701
3122580581
3120583439
3124352873
3121679116
3124626485
3122507703
3154825251
2934540582
3135876421
3129411146
3104159659
3106450736
3119384087
3100123299
3101283404
2970819799
749096594
3102089623
3102017810
546599254
2902745736
3018010009
3067130340
3081528879
3033383253
3040769579
3033974063
3017360708
3069685118
2971610693
3050757249
2974349494
2976154497
2979467562
3051455769
3035794845
3034939389
3036054454
3081500032
3078183363
3033253935
3051768665
3019313497
3035670406
2977272432
3078100419
3035652645
3033018869
3035663585
3032056503
3089675490
2976301029
3072789637
3069716545
3030064051
3060070747
3018355069
2973726094
3069638718
3018191678
3035350559
3081459413
3069654360
3081489994
3078161867
2970875987
3033707751
3069638340
3050275291
3036010331
3033823313
2979435600
2970266134
3068241552
3085079174
3090583003
1033303230
3036989789
3035435572
3033904443
3017215586
3069747853
3033275945
2970930016
3034319039
3033662921
3069727081
3040008996
3018439482
3032967011
2972391689
3081395751
2970957444
3081429249
3078223475
3033804261
2974925100
3081435233
3088057688
3088051838
3075312056
3081403479
3069683750
3033377350
3035678145
2975184414
3081409821
3035878085
3033940167
2972293187
2971272086
3069718358
3069640938
3050200013
3034165306
3035243848
3086155611
3037973840
3078157853
3023017381
2973913482
3075274136
2970193983
3081435141
3078939273
3022968499
3064640802
3035752551
3034016561
3033770728
3081416529
3067207501
3078170777
3078138809
3043564850
3078242393
3057337563
3067120200
3036020093
3035042836
3018476366
3017304614
2976617462
2975910776
2972519847
2979331118
2972874875
2972211495
2971811297
3081906989
3081403713
3035743245
3018242569
3033653391
3034107693
3017202696
2970842853
2971562321
2976116707
2970911944
3035357505
3022305974
3035642801
3018741842
3034127879
3017843180
2995919127
2974838620
2976014466
3043652569
2971136765
3037094235
2970708275
3034259331
3034155179
3069737833
3069732025
3081404601
3033730270
3067774956
3035860443
3035594469
3035299509
3018910394
3018258534
3017868854
3033748353
2972495111
2975076586
3081419721
2972351433
2971772009
3035431888
3032161727
2856027930
2977274276
3081499090
3081439289
3048333684
3035273963
3033453159
2973444771
2971140397
3078098247
2970880364
3037086387
3018311552
2974396955
3035952478
3017307618
3081478318
3035353876
3033503897
2974484231
3035797804
3034657505
3086153853
3034190500
3034099779
3081478384
3034105534
3033261250
3041180662
3032438044
2971061644
3033512578
3051415941
3018081204
1917077851
2970798975
3081435767
3069688298
3048429289
2970852417
2970366064
3018901242
3081428925
3033364683
3032935893
3032221390
3033741562
3014479508
3034308178
2976328927
3069643644
3018257460
2976415187
2420294388
3033690393
3033646305
3046371339
3022955732
3035863121
3035466760
2972522128
3069674790
3068036360
3078190469
3062186683
3056713799
3037277110
2970778331
3017193643
2974127337
3070390712
3078141909
2971290739
3050205290
3033663795
3037307254
3081400473
3050964281
3033908285
3033120573
3017453515
2970950967
2975835253
3069721285
2970719459
3019126692
3070067689
3078191457
3078134925
3052193389
3022905894
3032124875
3018104750
3018661544
3018146424
3033655883
2974779309
2976221324
2974400670
2976150093
2974394693
3069724825
2972397341
3078215884
2971267268
2971266698
2971198543
2971052047
2970951051
3034088025
3081411789
3069720415
3081488266
3017926158
3033565402
3081397071
3022352575
3035673508
3018942630
3018029690
3033911291
3017320243
3017130990
3032857155
2975142646
2973345333
3035799183
3018491720
3018326221
2970911021
3081514523
3081493642
3081432533
3081439415
3040991452
3035506337
3033843275
3035366710
3034029477
3033300509
3017960228
2975103395
2973665547
2975995711
3035672949
2970797183
2970796048
3069728047
3072288324
3078129345
3051149650
3022907952
3051911824
3035631699
3035665606
3037128527
3016555722
3018177703
3017175300
3032095779
3003720434
2971047276
2971329592
2971693714
3081426153
3081512920
3081492376
3081476932
3078215650
3037928617
3038004553
3035516230
3035426345
3035014090
3035446931
3033424816
3033335584
2970903886
3069672834
3069652782
3060056420
3035422247
3034720018
3033960923
3032283592
2970929511
3081512524
3081415407
3081523006
3081501994
3081443729
3067260920
3050123782
3022938056
3035890373
3035329654
3034159283
3034177402
3018104280
3017922366
3033256647
2971156718
3081420159
3069652518
3048853800
2976131364
3034621545
2975394890
2972469130
1327900670
3017674632
3032926797
2975756209
3079329370
3081492472
3036012615
3018482846
3032957147
2976712651
2976003499
3081514133
3081500722
3081633424
3069685658
3069637926
3082811416
3081403089
3049562589
3059322945
3019417015
3018876355
3034065550
3033701968
3033839031
3033848541
3033462495
3033252065
2976689586
2976063870
2973748053
3072803155
3081595024
3081518134
3081430929
3081445811
3069646044
3069721795
3030159511
3037265776
3019321098
3019052048
3035651625
3035692793
3018223663
3034124518
3018021606
3033997372
3033965315
3033658755
3033333982
3033339261
2990964846
2976307604
2976755856
2975937336
2972272540
2970957526
2970767680
2969714697
3078133389
3064690832
3055602783
3037116365
3034032065
3017243335
3009130779
2971174403
2971095769
2971133264
3078151197
3033723887
3033606400
2972502059
3081662645
3062176892
3018186534
3078224907
3078219100
3029491399
3033332242
3032864993
2975885551
2975898678
2970774471
3069694016
3081442211
3078144963
3049495362
3019404926
3035549909
3035374995
3035680390
3018177114
3034057361
3033499455
3033787487
3032889472
3020481110
3033904467
3032894067
2990448686
2973390154
2972602967
2972255230
3082757471
3081520954
2971810793
3069725113
2971937539
3069653346
3081439499
3067285807
3056030753
3038165557
3050056997
3052861721
3030581366
2970343804
3037145884
3081453545
3079087162
3033747322
3033717112
3033067336
3022332391
3033553649
3033048989
3035625947
3035591309
3032875641
3032210511
3033490929
3033278079
3032938869
3017174264
2972595639
2971155332
2976181123
2972397533
3069664842
3081447857
3081416787
3081402045
3067200103
3067177538
3078136431
3078119745
2970947085
3050994615
3050055813
3035659109
3018955050
3018496153
3069706976
3034259079
3078140631
3033875925
3050199978
3059625874
3033729616
3033289168
3017719476
3033313420
3033065554
3035399123
3033749313
3033466205
3017344326
3032066145
2974389508
2972466706
2972596594
2972208141
2979284635
2974159055
3069658242
3069720553
2971860537
3064864200
2971270112
3038083866
3037852092
3035719315
2970802259
3035509918
3035627099
3035584149
3081428883
3081421239
3081444407
3018138678
3034035929
3033693689
3033783784
3050259782
3078137381
3033764578
3033639195
3017478967
3036889601
3034206274
3018140286
3017991115
3033391798
3017200704
2979291234
2972446695
2971348914
2971060188
2974709355
2974919259
2974449327
2973080110
2971190713
2971692473
3072803029
3081655726
3081557165
3069654102
3078360159
3078140159
3040815100
3035668504
3018850712
3034419837
3035413163
3018366318
3034133675
3018150751
3033974657
3033851213
3033817541
3033867557
3017995585
3032960121
3032910977
3017369665
3017274187
2976222032
2976116942
2976262982
2974095837
2974218184
2973700407
2975228780
2972478887
2972341869
2972736841
2972262928
2971560983
2969837554
2970795700
2970749039
3055647683
3022952462
3035922298
3035558086
3035643975
3018830490
3034415621
3018300356
3018257984
3033953237
3033945358
3033665871
3033689464
3032035299
3012829582
2976433670
2973484512
2972260475
2973044007
2976185864
2974107621
2974174072
2974923606
2972518630
2971011890
2971050506
2970756424
2960013523
283417908
3030190456
3071556350
2976360047
2975929278
2972445903
2972234307
2970043442
2969786122
2986283435
2976027854
2971091040
2970880924
3081428121
3081667312
3081405243
3081415971
3078307168
3078212445
3067483724
3037880851
3020433960
3019091892
3018942236
3035523040
3033894309
3033814937
3033669435
3017771065
3032801146
3032288355
2974315096
2974953098
2974238112
2972380101
2971617890
2939302327
3052088004
2678604829
1329177666
2877534248
2933047578
3017496217
2560446626
1403674812
3060990019
2416046508
2368760563
3013982593
2960058440
381819789
2970981965
2973681497
3022905528
2974821493
2971011724
2970201863
3037930021
3050070395
3049639109
3035450441
3018902503
3033950014
3033984749
3033700319
3032991993
3032713161
3032239234
2975941543
2970903350
2974970715
2969878137
2975083905
2974730074
3055620202
2974247655
2975364877
2972614312
3035386444
2742326832
2959213728
2972272270
3018502549
2971367341
2971154677
3033691817
3032891885
3050237191
3041155037
3022855320
3040887526
3019302571
3022883102
3036039467
3035688981
3035797671
3035821924
3035698317
3035671486
3035280532
3034980045
3034100025
3017942958
3033906328
3033674027
3033401775
3017387786
3017231424
2975090733
2977323661
2969872804
2976012942
2974128405
2975740622
2973164392
2973183453
2972450421
2972411717
2972295496
3048926695
3050195466
3043488468
3039586590
3023008279
3040598057
3020418734
3035846141
3035817298
3035809384
3018905791
3035396098
3035439622
3034383413
3018281395
3018184266
3034125299
3018120696
3034062707
3033953837
3017946648
3033868540
3033695397
3033718312
3033529751
3033460817
3033548987
3033482249
3033519928
3033385385
3033136804
3033246567
3032282675
3032384825
3013792000
2979358033
2976760231
2975970030
2975941856
2973142841
2973525941
2973037211
2972680612
2973347639
2971912118
2970952641
2971160533
2912747106
3901031
3018613070
3049699454
1332243728
826986264
2171958007
3041774101
1209878990
18508357
355472507
156017861
2868753409
2881653757
3032360462
3034798958
1555695806
2971525950
2969431848
3035526778
3035436287
3035685477
3035632569
3035465453
3034166002
3018142747
3017915892
3000904600
2976511403
2976310563
2976974256
2977008392
2976000271
2975289930
2973862805
2976194927
2974285407
2972221305
2971876175
2975976823
2971121248
2971041130
2971286563
3019218432
2970833865
3035681506
3035442699
3035422701
2970015279
3035801691
3033755819
3018138391
3016984508
3032235040
3033727631
3033681723
3033522677
3017287687
3017059944
3032128191
2976193295
2974861143
2972565889
2971215112
2971613234
3022685509
3018991274
3035589891
3040888545
3019039278
3036000917
3033415983
3032741405
3033856397
3032165987
2979335756
2977007414
2977008722
2976143718
2979696667
2974598434
2974293431
2974923576
2973732249
2971518105
2972557697
2972517285
2971306596
3041405969
3019082250
3035833943
3035420303
3022331414
3035795799
3018178856
3035702307
3018142849
3033955954
3033860753
3032976225
3017067054
3033508713
3033683362
3033372106
3033302543
2979296816
2974276469
2974822247
2976968222
2976870055
2972150711
2972611673
2972425538
2970829233
3022950140
2970690867
3038262249
3019384231
3041160382
3018471692
3034188262
3034037021
3018325376
3033872266
3033634173
3033805859
3033327280
3033195562
3032750219
3033287151
3032109880
2975065431
2974747205
2974515172
2971597924
2969890816
3018995856
3035479594
3035380762
3035604711
3035583424
3035359065
3034092657
3034027312
3018217100
3033671093
3033654005
3017985493
3033898588
3033578962
3033136415
3032225661
3017031115
2975046599
2976775387
2976981133
2974212958
2973348473
2972484460
2972380103
2972227355
2971646587
2970815868
2969868051
2969313337
3040989910
3019112143
3035795733
3034707491
3034185526
3034143689
3034063264
3033927082
3033668235
3033690303
3033709048
3033606094
3017659610
3033117820
3014226829
2977229480
2977026745
2976249955
2976163430
2975945250
2975924444
2975859080
2975753610
2975683332
2973904654
2973227890
2972482858
2971330479
2971302281
2971745690
2971193982
2971037989
2970907648
2970755799
2970084640
2969751220
3027598075
3023621876
2415563870
2852813784
508861677
2974467369
2974356412
2976105170
2976079418
2976811460
2972363223
2970866711
2970840945
2971266747
2970715149
2979329755
3035914786
3035896180
2970217655
3035609475
3018891452
3035258896
3033866951
3033941927
3017906065
2972539958
3033498671
3017678412
3017701152
3033045028
2971008772
3017597503
3017240569
2970837687
3033514504
3032863079
3035865005
3018149095
3033867179
3033007468
3032103045
2974297611
2973733162
2972268226
2971413799
2971311355
2970853965
2969370080
3035170265
3018328495
3018183062
3034088649
3034973302
3017968580
3017969180
2971623425
3034006390
3033645521
3033434415
3033486478
3033211959
3033049373
3017431057
3032367063
3032117691
3034721440
3033862293
3014290724
3033211672
3017428087
3017175110
3032245409
3012725695
2974849534
2976753776
2975028749
2975942190
2974366991
2975963246
2975819124
2975748643
2973965528
2972388915
2973588554
2972190957
2970941325
2971060663
2970930934
2974460092
2976265002
3019013508
3035905612
3035911702
3018674124
3034934475
3018138606
3034014292
3033856697
3033854452
2972290156
3033408057
3033641823
3033311747
3017730427
3033056014
3033201261
3017375756
3032939121
3032185745
2969873278
3035830995
3018975486
3034246126
3033778599
3033694163
3033537526
3033120623
3029284251
3001647297
2976704245
2976194570
2974249251
2975940056
2975879180
2972366487
2972413001
2972191043
2972228063
2971100272
2971089392
2970027323
2971160329
2970980478
3035864387
3035198164
3018186698
3034028021
3033911499
3033825189
3033771328
3033536153
3017404430
3032013431
2986478497
2974247002
2973805599
2972550291
2972503301
2972520622
2972365341
2972412569
2972187112
2971926934
2972737819
2972042418
2971297039
2971169730
2970913263
2970719187
2976218776
2974693799
2976265160
2974258157
2975808235
2973650165
2975053225
2972676317
2972434007
2972309363
2971596706
2971074771
2970954075
2971013992
2970977044
2971036172
2969912845
3001455382
2976518045
2975993899
2974784205
2973547024
2974317940
2972360289
2971392191
2971651255
2970846129
2971081734
2970896334
2970779081
2970704075
2976224626
2976250355
2979332366
2979290185
2976798956
2975679626
2973385600
2973639525
2972453307
2972483500
2972336231
2971734556
2971600863
2971006858
2971055518
2971048506
2970828183
2970960878
2969859226
2970183869
2988781474
2979343705
2977346455
2979181172
2974841613
2976184127
2977035373
2974877165
2976820261
2976687300
2976307867
2976358320
2974313218
2975985066
2976114757
2975841384
2976080144
2974226033
2975425422
2973727523
2975343001
2974429291
2972624835
2974467264
2974437738
2974333034
2972309957
2971778584
2971657362
2971484678
2971024991
2971001553
2971139798
2970884169
2971149805
2970873950
2969750895
2969312143
2341828784
2992051267
2479530170
2479540704
2489578536
2491275240
1416259316
1466618461
2490707095
1708434744
3023450943
2975898564
2973401752
2972228517
2971351462
2971255105
2969311501
2449671794
3012458652
2268063276
2992170953
781738374
2908247498
3008470836
2360810228
2997601110
2665181647
2975917424
2972268719
2971064270
2970743139
2971122650
2970680763
2969311261
2969696805
2565175826
2963066407
2975719724
2972492541
2976355307
2971651660
2979265230
2970986799
2971198704
2973719068
2972406832
2970903045
2969334564
2976001532
2973714083
2971792351
2970682167
2969432106
1893864583
2985896041
2998057620
2452595558
2975672040
2972508641
2972514237
2972438685
2972250257
2971864293
2971714296
2970841247
2970113295
2974658753
2976780288
2974342761
2976170389
2973836139
2975396576
2973715455
2971560533
2971504455
2971378315
2970868203
2970983610
2969715365
2979286950
2976181889
2976949933
2976687816
2976225187
2974298169
2972358495
2970907124
2976812730
2975926447
2975430272
2971261092
2970984521
2975038204
2974949385
2974732012
2973581369
2973578488
2972446481
2972307736
2972296618
2971270406
2974910074
2975345245
2973340137
2975316072
2974606326
2972758102
2973954980
2972406759
2972435477
2972460622
2971648510
2971326420
2970055656
2979345168
2976117578
2974178290
2975792786
2974175380
2975380202
2974762969
2974009951
2973965540
2972601981
2972510003
2972382647
2972194575
2971537599
2971332481
2971374992
2971226546
2971134992
2970259701
2969700507
2969827937
2969290814
2992331555
2976318285
2975078463
2976037645
2974216013
2973936098
2972351979
2972360727
2971071675
2971320907
2970900696
2970837850
2996933696
2995340786
2987203740
2934685946
2994754076
2972170191
2969290070
2972451593
2971297492
2971201951
2970913993
2969785193
2985461155
2322775776
2987601433
2990938963
2960734082
2990120216
1569589518
2937140736
2512873338
2976185988
2974132313
2970303503
2988357985
2961112814
597282854
2889161232
2976342705
2976185783
2976843956
2975922290
2974699116
2971142217
2979348986
2979346831
2976975078
2974730469
2976779035
2975899854
2971181714
2969741753
2976365398
2979320348
2974333725
2974451682
2971289143
2970731799
2979504685
2979440432
2974749471
2976374620
2976019664
2974888888
2974328487
2973114047
2973899388
2973933124
2973541926
2975482639
2975158892
2975267461
2971315493
2972502130
2972246117
2970891095
2970740913
2971324081
2969780661
2971186621
2971067521
2969754640
2969290028
2979447859
2979270434
2974780947
2977217430
2975442206
2973479512
2974848822
2974649156
2971456412
2971049752
2970866187
2970844161
2975143336
2975083365
2974851329
2976802484
2974524871
2972430460
2972352681
2972274040
2971535529
2971268450
2970977057
2970137156
2970100759
2969250678
2969759584
2976236146
2979383882
2976161085
2979345469
2977036207
2974765245
2974715577
2976792728
2976811939
2976370344
2974163657
2973045947
2974559346
2972750999
2973960848
2972534362
2973604657
2972344995
2971660024
2971572545
2972475228
2971569292
2971631875
2971076355
2971446398
2970900483
2971055082
2970322210
2969775952
2969249574
2969249562
2969290454
2964746840
2545524043
2647369465
2976511804
2976155469
2977185942
2974743465
2974484849
2975380795
2974738639
2973053675
2972560307
2971367021
2971232751
2971242537
2971203979
2971238377
2970765696
2970082564
2969249640
2976465573
2976991602
2976988064
2976080875
2975821728
2973078861
2975355565
2974845242
2972449305
2972570951
2972451303
2972154977
2970936124
2970986029
2970204040
2979466795
2979314929
2974326387
2975953261
2975768083
2975192358
2972643689
2972564440
2972380385
2972399507
2972527598
2971065442
2971309712
2970893849
2970877469
2970793409
2971015568
2970873924
2970779459
2969900261
2969768499
2972224583
2970874745
2979703381
2976797234
2971039657
2392747122
2922973027
2799547306
2596159909
2602716733
2661706328
2976855758
2976997730
2972434666
2972431822
2972369124
2970897330
2970895496
2969313157
2234700493
1050063516
2973729582
2807500796
1302976332
2960660900
2963185818
898768626
2930160805
2462363264
2958734845
2959071848
2343500306
2370021558
2903482680
2954853241
2697654740
2953942207
2955627151
2811439376
2925541537
2954067373
2859039948
2379801054
1214073288
2945063240
2429620530
2603731886
1323326454
2465603370
732594998
1472501084
2938276312
2940833683
1875586478
2661549565
2850260112
2225988134
2777154950
2519551592
2922456158
1047579624
2906534953
2871188096
2490497556
275630285
2929525806
2854358911
2725678718
1969053006
1315354627
2599445850
420546519
2899625366
2866793419
2761371827
2481846973
2449345154
2916286442
2301795157
2824306640
2418044168
2900401071
359665561
2915818674
2898576349
2894078239
862848229
2914857799
2914280268
2914058833
2809354100
2636207072
2910680755
2907864986
2858076390
2400460532
2712141121
2613249259
2835066998
2907354829
2540398848
2759516232
2492033167
2856923084
2852684384
2538629340
2709043657
2906240611
2905072218
2613081444
2904539366
2903855268
1162736060
2532155894
2900477792
2903641843
2852771701
2820171457
2820396716
2854084928
1714754222
2863232708
1700547770
2900650424
2864727095
2820099414
2385568204
1487653578
2811341666
2872836541
2898506701
2882407280
2897531846
2897484366
1154963053
2370889729
2896339274
2278516519
2895723032
2831674526
2831673458
2822942508
2260445178
2172484075
714031542
2895090907
2894408197
2885996510
2839008343
2518176228
2838930534
2894368442
2866794715
795486151
2893628857
2883169669
1574617754
1595484300
2891104393
2350191846
2491228849
2854599289
2601576961
2850219578
2849226929
799420310
1229378299
2863875356
2849003922
2728326841
2854159506
2304939144
2304940940
2731123796
60122981
2810619087
2805433683
2603459641
2842288688
2840153814
2193796843
962266590
2833067652
2827440368
2827410132
2827475653
2823746966
2823712470
2823771427
2810423420
1939581877
1322630005
2662291002
2816590105
2816534324
2815099303
18897593
2815026702
2787960518
2281925437
2781963096
2805510829
2254781341
1250773280
2584933184
2481698533
2687267227
2797471921
2797425044
2797424882
2766934279
2368876579
452968041
2582486335
2787063174
2426928103
2778657883
1383926960
2772908526
2780384437
2731272498
2775969422
2511703754
770387058
2560236206
2770005079
2769165240
2638555003
2471122045
601788614
2744258544
2749139294
2400401407
2754124207
2752748214
2752211564
2752184348
2752141716
2749027902
2750510450
2311465141
2721262530
2608890870
2330167568
2461118929
1611858637
2747717946
2659645014
2745474870
2669361996
2745254538
2745229598
2564798077
1359441697
2716498098
2744329424
2743244432
2739598393
2719662073
2737409414
2690058990
2464615316
2611590661
2607957086
2737239774
2695651626
2735295739
2735298121
2209171790
2736662696
2735283787
2468918084
1593113275
2735277578
2734111688
2734019210
2733912144
2728695914
2731447903
1675799791
2731339237
2719635786
2731219904
2729248273
2718696246
2729020170
2728723338
2721288206
2721309583
2709402187
2728775544
2728745228
2728748162
2728379756
2723879654
2445363109
2725741068
2725785931
2716890919
2572831226
2489960988
2684371747
2714769470
2714759216
2609826799
2714661006
2690367192
2689983492
2707612926
2712157298
2712022165
2709352446
2582515692
2540929615
2483686040
2413907125
2699727474
2513515213
2203171344
2222621677
516505936
2694555750
2187836562
2706019513
2187725162
2187713899
2704579662
2267054852
2656975724
2663755154
2562175338
2562199232
528217821
2519544960
2701308716
2206478606
2700136843
2699753520
2699779849
587116553
2452164133
2561737136
2698078549
2680160064
2690463889
2491421570
2615073672
733703850
2692929476
2691729746
2691730861
2691557502
2615826620
623683826
2685061232
2684562914
2677407756
2655316531
2180170484
1462454184
2673625592
2673580478
2525000064
2221320630
2385075709
2597784582
2260567428
1714399256
700888958
2473542000
1052699358
2656252662
2666209729
2666188394
2666117096
2558490678
2664792312
2474116748
2375600940
2637347988
433549078
2334663254
1298977272
544808991
2412146245
2659347012
107357736
194044918
2541646814
1086267948
2535551720
2647405310
2417115344
2204787404
2648852378
2657374178
2657368094
2639849976
2572549512
761913698
2605505202
2655692983
2656499874
2591298133
2609589157
2562188400
841431236
2587780434
1742259229
1603330688
2540938532
2539080690
2655742700
225429341
2165296556
2653971888
2271736980
286144924
2562192998
1197606024
2564093250
1239116448
2652952309
2461661900
2651449388
1147620384
158348019
2605470450
2289532824
2525063299
2491854565
2590021982
824925336
2617602078
2592978222
2295926492
2257779871
2610056395
2648633696
2382057680
2232586478
2368888201
382095619
2261950729
2600801377
1214735348
2427421153
2393037332
2610418100
2645733372
2589324386
2377239450
2204901745
2417146831
1526997296
1285547761
787537238
1886250854
1147651334
532603716
2513011567
2638774146
2490008058
2407433492
2553304326
2553320924
2553311012
2285188915
2447522233
2635866462
2466102349
2634195036
519244620
2612706409
1338467582
1324791680
2621519581
869923513
2621537053
1574609893
2621600858
2520731196
2602862250
873185138
2616985899
2616766938
2377954477
2624044076
1466822240
2622123644
2563725470
2594597743
2591279479
2593208712
1577550974
2620960212
1888565118
2488082130
1886348190
2523979928
2570564612
2617603226
2617560552
2540988462
2352395300
2615871902
2615724954
977618977
2286601519
2425704390
2603253037
2526127153
496779701
1711461834
2447995405
2601319490
2318238745
2441650021
1907036029
2464051442
1338595296
275952208
1392003218
2479045550
2298058177
1893101840
2251793598
2601466272
2609285983
2610852073
2291949086
1512529675
1864175491
2386713252
2342138341
2467257331
2290607192
2606858113
582728828
1348652652
2584075824
2556591079
1655076498
2578545535
2527100460
350721443
2401586852
2607101078
2270436014
725840431
543831856
2489294150
519366882
2564646996
2603246874
1143980809
1322385386
2605388474
2605494636
1050287791
2190473732
2423989023
251492120
2590945501
2377827692
2286330710
2204099486
1713065755
2603653339
2603627982
2529322838
231076459
2603669713
2603617021
1853681641
2537221254
2603058073
1253006851
2212472767
2599780303
2371407529
2567958097
1595914711
779350669
1964692566
1280341092
528464118
2600641986
1476443802
2175919296
2599769610
2558346444
2592442616
246230513
566397785
2150299723
2580490088
973569649
2388982530
232234339
2386079028
1600831838
258192100
1562792124
2587037041
620921468
553933245
1251722126
2549501154
1068070430
1934351208
2397338408
2342418500
2597555443
2592807702
1524112260
112959337
2432982601
2435181638
2235669637
1243946857
924668520
1892824674
603657639
1520934338
2355528956
2368365728
2306552977
798149108
757215588
841037389
2375296688
624390598
1028219671
1710515454
2549529247
2595691104
1658274403
1513163660
982663896
2581917428
2227436576
2594022931
2249204982
2232480031
2292748399
1958054268
2478815725
1302505304
2239129664
604246316
2221155150
2227991870
2467482860
416185043
2325337885
1310145194
1374693672
2227994779
2595284804
1044676105
900708252
1037359224
2572650818
2576911278
1293270956
725127390
1717298707
1324496953
752801144
139880918
63299591
244915863
2572722943
2553297576
2553323683
2592915367
2205644701
2573962898
1426490090
2580368851
2580169518
2572686366
2572689312
2553311432
2553321817
2548394726
2532415542
1136531947
2569640269
2571598548
2571625754
2571612354
2571636517
2297725812
2565293065
2572356810
1047050786
2515374277
2395395583
2532152490
2455079203
2441133919
2418647658
2417280217
2417603130
2433497707
1629766238
2542180916
1519417032
2538574483
2534611099
2535117516
2433758652
2535485648
1015092716
2489524501
2212109106
1474025820
2512043538
2527694689
2520696416
2500771184
2515954369
2515437512
2510664481
1557088260
761488704
2420293070
2428902566
393901907
2156173730
2327234359
2279428830
2453164549
2453175715
2469028142
137016376
2343797005
2469022878
2464947595
1559564516
1893735722
2452950625
1911642919
2446794396
2447217650
2243184133
2447213190
2439561816
2431218434
2289206780
2411105907
2421601638
1657511947
2421600702
1893681932
2386883449
2386882795
2430390074
2430383622
2430393163
2430383954
1208364596
2386882237
2386883623
2386871394
2386872648
2386876118
2386874402
2386881361
2386871100
2386882231
2386882969
2386872474
2425249214
2425245558
2386872816
1660039260
2386875428
2386872642
2386871106
2386872714
2334703028
2414116069
2413519100
2413519094
2413526191
2413526179
2413515056
2413508948
2301588552
2346267104
2410829020
2408901134
2408898396
2408900930
2408908825
2408900924
2408900846
2408900408
2408897574
2408900816
2408898618
2408901062
2408908411
2408901026
2408909113
2408900864
2408901152
2408898798
2408908741
2408898252
2408909071
2408900732
2408909125
2408898276
2408908885
2408901092
2408897646
2408900828
2408908747
2408908075
2408908057
2386871346
2386871388
2386875290
2386872600
2386872684
2386871160
2386872972
2386871340
2386872660
2386874804
2386882513
2386872636
2386875734
2386875452
2386872408
2386883203
2386875878
2386875590
2386871226
2386874552
2386872420
2333526288
2333522252
2333531150
2333528550
2333525816
2264553217
2393911898
2366757266
2273082108
2274410294
2325695712
2344429242
2359626506
2274090948
2239183406
2386874822
2386883653
2386871730
2386874828
2386882927
2386872288
2386875026
2386872852
2386872768
2387395879
2387367438
2387344951
2383431324
2386876046
2386875284
2386875044
2386875818
2386876154
2386883149
2407388686
2386872156
2386872504
2386872276
2386875086
2386874126
2386874642
2386871502
2386882117
2386882393
2357049356
2235126589
2270164262
2216045876
1542907746
2373249404
2376677886
2376657385
2365507278
1705864687
1667729630
2190689268
2273001115
2234240935
319498689
2235624810
2235648343
2235637880
2212697408
281955112
1614902731
2174010991
2206353751
854120148
1813920644
2156471526
2172474404
1740955945
1699398829
171203810
1971207745
1968860832
1964254710
1957942922
1933765212
771725305
1458168050
1293873968
1691028031
1925827470
789072434
1639892070
1603000608
1854415364
1573769473
362208073
1533637298
429803867
398584292
1681071476
1197886292
179497186
910623950
1250390318
1610420389
1572261828
1614965808
1351492692
1490607336
1546421934
1529207161
540274966
1481593771
902869555
368682265
1360591153
1321048746
380933370
407204289
540858231
1103918647
1074455988
190596529
507122988
267696933
313145063
839599290
806553499
478487579
14334164
1016787092
233593984
544674673
544948386
577504497
577717965
418481757
569611242